0.000 169.23
0.100 177.29
0.200 176.48
0.300 156.34
0.400 250.62
0.500 198.24
0.600 158.75
0.700 178.10
0.800 210.33
0.900 160.37
1.000 90.26
1.100 190.99
1.200 195.02
1.300 202.27
1.400 215.97
1.500 155.53
1.600 190.99
1.700 182.12
1.800 206.30
1.900 178.10
2.000 145.86
2.100 193.41
2.200 173.26
2.300 166.81
2.400 203.88
2.500 149.08
2.600 213.55
2.700 151.50
2.800 203.88
2.900 206.30
3.000 181.32
3.100 186.96
3.200 193.41
3.300 170.04
3.400 171.65
3.500 180.51
3.600 175.68
3.700 175.68
3.800 167.62
3.900 155.53
4.000 15.31
4.100 220.81
4.200 193.41
4.300 175.68
4.400 172.45
4.500 169.23
4.600 192.60
4.700 191.79
4.800 162.78
4.900 189.38
5.000 174.07
5.100 167.62
5.200 180.51
5.300 170.84
5.400 186.15
5.500 274.80
5.600 178.10
5.700 224.84
5.800 189.38
5.900 205.49
6.000 151.50
6.100 219.19
6.200 181.32
6.300 170.04
6.400 166.81
6.500 211.14
6.600 170.04
6.700 176.48
6.800 202.27
6.900 220.00
7.000 244.98
7.100 179.71
7.200 118.46
7.300 190.18
7.400 172.45
7.500 209.52
7.600 173.26
7.700 244.98
7.800 162.78
7.900 170.84
8.000 165.20
8.100 223.22
8.200 193.41
8.300 197.44
8.400 221.61
8.500 206.30
8.600 200.66
8.700 189.38
8.800 167.62
8.900 180.51
9.000 163.59
9.100 229.67
9.200 168.42
9.300 117.66
9.400 219.19
9.500 179.71
9.600 182.12
9.700 210.33
9.800 173.26
9.900 307.84
